(kicad_pcb (version 20171130) (host pcbnew "(5.1.9)-1")

  (general
    (thickness 1.6)
    (drawings 48)
    (tracks 1492)
    (zones 0)
    (modules 172)
    (nets 133)
  )

  (page A3)
  (layers
    (0 F.Cu signal)
    (1 In1.Cu signal hide)
    (2 In2.Cu signal hide)
    (31 B.Cu signal)
    (32 B.Adhes user)
    (33 F.Adhes user)
    (34 B.Paste user)
    (35 F.Paste user)
    (36 B.SilkS user)
    (37 F.SilkS user)
    (38 B.Mask user)
    (39 F.Mask user)
    (40 Dwgs.User user)
    (41 Cmts.User user)
    (42 Eco1.User user)
    (43 Eco2.User user)
    (44 Edge.Cuts user)
    (45 Margin user)
    (46 B.CrtYd user)
    (47 F.CrtYd user)
    (48 B.Fab user)
    (49 F.Fab user)
  )

  (setup
    (last_trace_width 0.1524)
    (user_trace_width 0.117348)
    (user_trace_width 0.1524)
    (user_trace_width 0.254)
    (user_trace_width 0.508)
    (user_trace_width 0.762)
    (user_trace_width 127)
    (trace_clearance 0.127)
    (zone_clearance 0.508)
    (zone_45_only no)
    (trace_min 0.0889)
    (via_size 0.6858)
    (via_drill 0.3302)
    (via_min_size 0.45)
    (via_min_drill 0.2)
    (user_via 0.6858 0.3302)
    (user_via 0.889 0.381)
    (uvia_size 0.6858)
    (uvia_drill 0.3302)
    (uvias_allowed no)
    (uvia_min_size 0)
    (uvia_min_drill 0)
    (edge_width 0.0381)
    (segment_width 0.254)
    (pcb_text_width 0.3048)
    (pcb_text_size 1.524 1.524)
    (mod_edge_width 0.1524)
    (mod_text_size 0.8128 0.8128)
    (mod_text_width 0.1524)
    (pad_size 1.524 1.524)
    (pad_drill 0.762)
    (pad_to_mask_clearance 0)
    (solder_mask_min_width 0.1016)
    (aux_axis_origin 0 0)
    (grid_origin 199.771 89.2175)
    (visible_elements 7FFFF7FF)
    (pcbplotparams
      (layerselection 0x010fc_ffffffff)
      (usegerberextensions true)
      (usegerberattributes false)
      (usegerberadvancedattributes false)
      (creategerberjobfile false)
      (excludeedgelayer true)
      (linewidth 0.100000)
      (plotframeref false)
      (viasonmask false)
      (mode 1)
      (useauxorigin false)
      (hpglpennumber 1)
      (hpglpenspeed 20)
      (hpglpendiameter 15.000000)
      (psnegative false)
      (psa4output false)
      (plotreference true)
      (plotvalue false)
      (plotinvisibletext false)
      (padsonsilk false)
      (subtractmaskfromsilk true)
      (outputformat 1)
      (mirror false)
      (drillshape 0)
      (scaleselection 1)
      (outputdirectory "Outputs/Gerbers/Drill"))
  )

  (net 0 "")
  (net 1 GND)
  (net 2 +3V3)
  (net 3 "/MCU USB POWER IO/OSC0")
  (net 4 VDDC)
  (net 5 "/MCU USB POWER IO/OSC1")
  (net 6 "Net-(C7-Pad1)")
  (net 7 "/MCU USB POWER IO/GNDX")
  (net 8 "/MCU USB POWER IO/XOSC0")
  (net 9 "/MCU USB POWER IO/XOSC1")
  (net 10 "Net-(C13-Pad1)")
  (net 11 +3.3VA)
  (net 12 "Net-(C16-Pad1)")
  (net 13 P_SENSE)
  (net 14 "Net-(C22-Pad1)")
  (net 15 "Net-(C26-Pad1)")
  (net 16 VBUS)
  (net 17 "Net-(C28-Pad1)")
  (net 18 "Net-(D1-Pad2)")
  (net 19 LED0)
  (net 20 "Net-(D2-Pad2)")
  (net 21 LED4)
  (net 22 LED8)
  (net 23 "Net-(D3-Pad2)")
  (net 24 LED1)
  (net 25 "Net-(D4-Pad2)")
  (net 26 LED5)
  (net 27 "Net-(D5-Pad2)")
  (net 28 "Net-(D6-Pad2)")
  (net 29 LED9)
  (net 30 "Net-(D7-Pad2)")
  (net 31 LED2)
  (net 32 "Net-(D8-Pad2)")
  (net 33 LED6)
  (net 34 "Net-(D9-Pad2)")
  (net 35 LED10)
  (net 36 LED3)
  (net 37 "Net-(D10-Pad2)")
  (net 38 LED7)
  (net 39 "Net-(D11-Pad2)")
  (net 40 LED11)
  (net 41 "Net-(D12-Pad2)")
  (net 42 "Net-(D13-Pad1)")
  (net 43 "/MCU USB POWER IO/RED_LED")
  (net 44 "/MCU USB POWER IO/GREEN_LED")
  (net 45 "Net-(D14-Pad1)")
  (net 46 "Net-(D15-Pad2)")
  (net 47 +5V)
  (net 48 ADC0_IN0)
  (net 49 ADC0_IN1)
  (net 50 ADC0_IN2)
  (net 51 ADC0_IN3)
  (net 52 ADC1_IN0)
  (net 53 ADC1_IN1)
  (net 54 ADC1_IN2)
  (net 55 ADC1_IN3)
  (net 56 PB7)
  (net 57 PB6)
  (net 58 UART0_TX)
  (net 59 UART0_RX)
  (net 60 AIN0)
  (net 61 AIN1)
  (net 62 AIN2)
  (net 63 AIN3)
  (net 64 AIN4)
  (net 65 AIN5)
  (net 66 AIN6)
  (net 67 AIN7)
  (net 68 AIN8)
  (net 69 AIN9)
  (net 70 AIN10)
  (net 71 AIN11)
  (net 72 UART1_RX)
  (net 73 UART1_TX)
  (net 74 "Net-(J6-Pad1)")
  (net 75 RST_N)
  (net 76 DISP_SS)
  (net 77 DISP_CLK)
  (net 78 DISP_MISO)
  (net 79 DISP_MOSI)
  (net 80 "Net-(J7-Pad1)")
  (net 81 JTAG_TMS)
  (net 82 JTAG_TCK)
  (net 83 JTAG_TDO)
  (net 84 "Net-(J7-Pad7)")
  (net 85 JTAG_TDI)
  (net 86 JTAG_RST_N)
  (net 87 "Net-(J8-Pad4)")
  (net 88 P06)
  (net 89 P17)
  (net 90 P07)
  (net 91 P16)
  (net 92 IOE_A0)
  (net 93 IOE_A1)
  (net 94 IOE_A2)
  (net 95 "Net-(R10-Pad1)")
  (net 96 "Net-(R11-Pad1)")
  (net 97 "Net-(R12-Pad1)")
  (net 98 "Net-(R16-Pad2)")
  (net 99 "Net-(R17-Pad2)")
  (net 100 "Net-(R18-Pad2)")
  (net 101 "Net-(R25-Pad2)")
  (net 102 "Net-(R26-Pad2)")
  (net 103 "Net-(R27-Pad2)")
  (net 104 "Net-(R34-Pad2)")
  (net 105 "Net-(R35-Pad2)")
  (net 106 "Net-(R36-Pad2)")
  (net 107 I2C_SCL)
  (net 108 "Net-(R50-Pad2)")
  (net 109 "Net-(R52-Pad2)")
  (net 110 I2C_SDA)
  (net 111 "/MCU USB POWER IO/WAKE_N")
  (net 112 CHN_UP)
  (net 113 "Net-(R62-Pad1)")
  (net 114 CHN_DWN)
  (net 115 OCT_UP)
  (net 116 OCT_DWN)
  (net 117 USB_VBUS)
  (net 118 USB_ID)
  (net 119 BOARD_ID)
  (net 120 "Net-(R93-Pad1)")
  (net 121 "Net-(TP2-Pad1)")
  (net 122 IO_EXP_INT_N)
  (net 123 ADC1_RDY)
  (net 124 ADC0_RDY)
  (net 125 USB_D+)
  (net 126 USB_D-)
  (net 127 SW_CHN_UP)
  (net 128 SW_CHN_DWN)
  (net 129 SW_OCT_UP)
  (net 130 SW_OCT_DWN)
  (net 131 SW_PSENSE)
  (net 132 "Net-(J11-Pad11)")

  (net_class Default "This is the default net class."
    (clearance 0.127)
    (trace_width 0.254)
    (via_dia 0.6858)
    (via_drill 0.3302)
    (uvia_dia 0.6858)
    (uvia_drill 0.3302)
    (diff_pair_width 0.1524)
    (diff_pair_gap 0.1016)
    (add_net +3.3VA)
    (add_net +3V3)
    (add_net +5V)
    (add_net "/MCU USB POWER IO/GNDX")
    (add_net "/MCU USB POWER IO/GREEN_LED")
    (add_net "/MCU USB POWER IO/OSC0")
    (add_net "/MCU USB POWER IO/OSC1")
    (add_net "/MCU USB POWER IO/RED_LED")
    (add_net "/MCU USB POWER IO/WAKE_N")
    (add_net "/MCU USB POWER IO/XOSC0")
    (add_net "/MCU USB POWER IO/XOSC1")
    (add_net ADC0_IN0)
    (add_net ADC0_IN1)
    (add_net ADC0_IN2)
    (add_net ADC0_IN3)
    (add_net ADC0_RDY)
    (add_net ADC1_IN0)
    (add_net ADC1_IN1)
    (add_net ADC1_IN2)
    (add_net ADC1_IN3)
    (add_net ADC1_RDY)
    (add_net AIN0)
    (add_net AIN1)
    (add_net AIN10)
    (add_net AIN11)
    (add_net AIN2)
    (add_net AIN3)
    (add_net AIN4)
    (add_net AIN5)
    (add_net AIN6)
    (add_net AIN7)
    (add_net AIN8)
    (add_net AIN9)
    (add_net BOARD_ID)
    (add_net CHN_DWN)
    (add_net CHN_UP)
    (add_net DISP_CLK)
    (add_net DISP_MISO)
    (add_net DISP_MOSI)
    (add_net DISP_SS)
    (add_net GND)
    (add_net I2C_SCL)
    (add_net I2C_SDA)
    (add_net IOE_A0)
    (add_net IOE_A1)
    (add_net IOE_A2)
    (add_net IO_EXP_INT_N)
    (add_net JTAG_RST_N)
    (add_net JTAG_TCK)
    (add_net JTAG_TDI)
    (add_net JTAG_TDO)
    (add_net JTAG_TMS)
    (add_net LED0)
    (add_net LED1)
    (add_net LED10)
    (add_net LED11)
    (add_net LED2)
    (add_net LED3)
    (add_net LED4)
    (add_net LED5)
    (add_net LED6)
    (add_net LED7)
    (add_net LED8)
    (add_net LED9)
    (add_net "Net-(C13-Pad1)")
    (add_net "Net-(C16-Pad1)")
    (add_net "Net-(C22-Pad1)")
    (add_net "Net-(C26-Pad1)")
    (add_net "Net-(C28-Pad1)")
    (add_net "Net-(C7-Pad1)")
    (add_net "Net-(D1-Pad2)")
    (add_net "Net-(D10-Pad2)")
    (add_net "Net-(D11-Pad2)")
    (add_net "Net-(D12-Pad2)")
    (add_net "Net-(D13-Pad1)")
    (add_net "Net-(D14-Pad1)")
    (add_net "Net-(D15-Pad2)")
    (add_net "Net-(D2-Pad2)")
    (add_net "Net-(D3-Pad2)")
    (add_net "Net-(D4-Pad2)")
    (add_net "Net-(D5-Pad2)")
    (add_net "Net-(D6-Pad2)")
    (add_net "Net-(D7-Pad2)")
    (add_net "Net-(D8-Pad2)")
    (add_net "Net-(D9-Pad2)")
    (add_net "Net-(J11-Pad11)")
    (add_net "Net-(J6-Pad1)")
    (add_net "Net-(J7-Pad1)")
    (add_net "Net-(J7-Pad7)")
    (add_net "Net-(J8-Pad4)")
    (add_net "Net-(R10-Pad1)")
    (add_net "Net-(R11-Pad1)")
    (add_net "Net-(R12-Pad1)")
    (add_net "Net-(R16-Pad2)")
    (add_net "Net-(R17-Pad2)")
    (add_net "Net-(R18-Pad2)")
    (add_net "Net-(R25-Pad2)")
    (add_net "Net-(R26-Pad2)")
    (add_net "Net-(R27-Pad2)")
    (add_net "Net-(R34-Pad2)")
    (add_net "Net-(R35-Pad2)")
    (add_net "Net-(R36-Pad2)")
    (add_net "Net-(R50-Pad2)")
    (add_net "Net-(R52-Pad2)")
    (add_net "Net-(R62-Pad1)")
    (add_net "Net-(R93-Pad1)")
    (add_net "Net-(TP2-Pad1)")
    (add_net OCT_DWN)
    (add_net OCT_UP)
    (add_net P06)
    (add_net P07)
    (add_net P16)
    (add_net P17)
    (add_net PB6)
    (add_net PB7)
    (add_net P_SENSE)
    (add_net RST_N)
    (add_net SW_CHN_DWN)
    (add_net SW_CHN_UP)
    (add_net SW_OCT_DWN)
    (add_net SW_OCT_UP)
    (add_net SW_PSENSE)
    (add_net UART0_RX)
    (add_net UART0_TX)
    (add_net UART1_RX)
    (add_net UART1_TX)
    (add_net USB_ID)
    (add_net USB_VBUS)
    (add_net VBUS)
    (add_net VDDC)
  )

  (net_class USB ""
    (clearance 0.33)
    (trace_width 0.37)
    (via_dia 0.6858)
    (via_drill 0.3302)
    (uvia_dia 0.6858)
    (uvia_drill 0.3302)
    (diff_pair_width 0.37)
    (diff_pair_gap 0.33)
  )

  (net_class USB_DIffPair ""
    (clearance 0.127)
    (trace_width 0.37)
    (via_dia 0.6858)
    (via_drill 0.3302)
    (uvia_dia 0.6858)
    (uvia_drill 0.3302)
    (diff_pair_width 0.33)
    (diff_pair_gap 0.2)
    (add_net USB_D+)
    (add_net USB_D-)
  )

  (module Fiducial:Fiducial_1mm_Mask3mm (layer F.Cu) (tedit 5C18D119) (tstamp 60BCF0D1)
    (at 219.964 222.4913)
    (descr "Circular Fiducial, 1mm bare copper, 3mm soldermask opening (recommended)")
    (tags fiducial)
    (attr smd)
    (fp_text reference FID1 (at 0 -2.54) (layer F.SilkS)
      (effects (font (size 1 1) (thickness 0.15)))
    )
    (fp_text value Fiducial_1mm_Mask3mm (at 0 2.286) (layer F.Fab)
      (effects (font (size 1 1) (thickness 0.15)))
    )
    (fp_circle (center 0 0) (end 1.5 0) (layer F.Fab) (width 0.1))
    (fp_circle (center 0 0) (end 1.75 0) (layer F.CrtYd) (width 0.05))
    (fp_text user %R (at 0 0) (layer F.Fab)
      (effects (font (size 0.4 0.4) (thickness 0.06)))
    )
    (pad "" smd circle (at 0 0) (size 1 1) (layers F.Cu F.Mask)
      (solder_mask_margin 1) (clearance 1))
  )

  (module Fiducial:Fiducial_1mm_Mask3mm (layer F.Cu) (tedit 5C18D119) (tstamp 60BCF0D1)
    (at 88.1761 221.2594)
    (descr "Circular Fiducial, 1mm bare copper, 3mm soldermask opening (recommended)")
    (tags fiducial)
    (attr smd)
    (fp_text reference FID2 (at 0 -2.54) (layer F.SilkS)
      (effects (font (size 1 1) (thickness 0.15)))
    )
    (fp_text value Fiducial_1mm_Mask3mm (at 0 2.286) (layer F.Fab)
      (effects (font (size 1 1) (thickness 0.15)))
    )
    (fp_circle (center 0 0) (end 1.5 0) (layer F.Fab) (width 0.1))
    (fp_circle (center 0 0) (end 1.75 0) (layer F.CrtYd) (width 0.05))
    (fp_text user %R (at 0 0) (layer F.Fab)
      (effects (font (size 0.4 0.4) (thickness 0.06)))
    )
    (pad "" smd circle (at 0 0) (size 1 1) (layers F.Cu F.Mask)
      (solder_mask_margin 1) (clearance 1))
  )

  (module Fiducial:Fiducial_1mm_Mask3mm (layer F.Cu) (tedit 5C18D119) (tstamp 60BCF09A)
    (at 81.7118 82.0039)
    (descr "Circular Fiducial, 1mm bare copper, 3mm soldermask opening (recommended)")
    (tags fiducial)
    (attr smd)
    (fp_text reference FID3 (at 0 -2.54) (layer F.SilkS)
      (effects (font (size 1 1) (thickness 0.15)))
    )
    (fp_text value Fiducial_1mm_Mask3mm (at 0 2.286) (layer F.Fab)
      (effects (font (size 1 1) (thickness 0.15)))
    )
    (fp_text user %R (at 0 0) (layer F.Fab)
      (effects (font (size 0.4 0.4) (thickness 0.06)))
    )
    (fp_circle (center 0 0) (end 1.5 0) (layer F.Fab) (width 0.1))
    (fp_circle (center 0 0) (end 1.75 0) (layer F.CrtYd) (width 0.05))
    (pad "" smd circle (at 0 0) (size 1 1) (layers F.Cu F.Mask)
      (solder_mask_margin 1) (clearance 1))
  )

  (module Connector_USB:USB_Micro-AB_Molex_47590-0001 (layer B.Cu) (tedit 5DAEB89E) (tstamp 60B651DC)
    (at 70.9422 130.5941 90)
    (descr "Micro USB AB receptable, right-angle inverted (https://www.molex.com/pdm_docs/sd/475900001_sd.pdf)")
    (tags "Micro AB USB SMD")
    (path /60A00A51/6093D499)
    (attr smd)
    (fp_text reference J8 (at 0 4.8 270) (layer B.SilkS)
      (effects (font (size 1 1) (thickness 0.15)) (justify mirror))
    )
    (fp_text value USB_B_Micro (at 0 -3.5 90) (layer B.Fab)
      (effects (font (size 1 1) (thickness 0.15)) (justify mirror))
    )
    (fp_line (start -3.75 -1.45) (end 3.75 -1.45) (layer B.Fab) (width 0.1))
    (fp_line (start -3.87 -1.2) (end -3.87 -1.45) (layer B.SilkS) (width 0.12))
    (fp_line (start 3.87 -1.2) (end 3.87 -1.45) (layer B.SilkS) (width 0.12))
    (fp_line (start 3 3.27) (end 3.87 3.27) (layer B.SilkS) (width 0.12))
    (fp_line (start -3.87 3.27) (end -3.87 1.2) (layer B.SilkS) (width 0.12))
    (fp_line (start 3.87 3.27) (end 3.87 1.2) (layer B.SilkS) (width 0.12))
    (fp_line (start -3.75 -2.15) (end 3.75 -2.15) (layer B.Fab) (width 0.1))
    (fp_line (start -3.75 3.15) (end -3.75 -1.45) (layer B.Fab) (width 0.1))
    (fp_line (start -3.75 -1.45) (end -2.8 -1.45) (layer Edge.Cuts) (width 0.1))
    (fp_line (start -2.8 0.125) (end -2.8 -1.45) (layer Edge.Cuts) (width 0.1))
    (fp_line (start -1.95 0.125) (end -1.95 -1.45) (layer Edge.Cuts) (width 0.1))
    (fp_line (start -1.95 -1.45) (end 1.95 -1.45) (layer Edge.Cuts) (width 0.1))
    (fp_line (start 1.95 0.125) (end 1.95 -1.45) (layer Edge.Cuts) (width 0.1))
    (fp_line (start 2.8 0.125) (end 2.8 -1.45) (layer Edge.Cuts) (width 0.1))
    (fp_line (start 2.8 -1.45) (end 3.75 -1.45) (layer Edge.Cuts) (width 0.1))
    (fp_line (start 3.75 3.15) (end 3.75 -1.45) (layer B.Fab) (width 0.1))
    (fp_line (start -3.75 3.15) (end 3.75 3.15) (layer B.Fab) (width 0.1))
    (fp_line (start -5.18 4.13) (end 5.18 4.13) (layer B.CrtYd) (width 0.05))
    (fp_line (start 5.18 4.13) (end 5.18 -2.65) (layer B.CrtYd) (width 0.05))
    (fp_line (start -5.18 4.13) (end -5.18 -2.65) (layer B.CrtYd) (width 0.05))
    (fp_line (start -5.18 -2.65) (end 5.18 -2.65) (layer B.CrtYd) (width 0.05))
    (fp_line (start -3.87 3.27) (end -3 3.27) (layer B.SilkS) (width 0.12))
    (fp_line (start 1.3 3.5) (end 1 3.8) (layer B.SilkS) (width 0.12))
    (fp_line (start 1.3 3.5) (end 1.6 3.8) (layer B.SilkS) (width 0.12))
    (fp_line (start 1 3.8) (end 1.6 3.8) (layer B.SilkS) (width 0.12))
    (fp_arc (start 2.375 0.125) (end 1.95 0.125) (angle -180) (layer Edge.Cuts) (width 0.1))
    (fp_arc (start -2.375 0.125) (end -2.8 0.125) (angle -180) (layer Edge.Cuts) (width 0.1))
    (fp_text user %R (at 0 1.5 90) (layer B.Fab)
      (effects (font (size 1 1) (thickness 0.15)) (justify mirror))
    )
    (fp_text user "PCB Edge" (at 0 -1.45 90) (layer Dwgs.User)
      (effects (font (size 0.4 0.4) (thickness 0.04)))
    )
    (pad 6 thru_hole oval (at -2.225 3 90) (size 1.05 1.25) (drill oval 0.65 0.85) (layers *.Cu *.Mask)
      (net 1 GND))
    (pad 5 smd rect (at -1.3 2.675 90) (size 0.4 1.35) (layers B.Cu B.Paste B.Mask)
      (net 1 GND))
    (pad 4 smd rect (at -0.65 2.675 90) (size 0.4 1.35) (layers B.Cu B.Paste B.Mask)
      (net 87 "Net-(J8-Pad4)"))
    (pad 3 smd rect (at 0 2.675 90) (size 0.4 1.35) (layers B.Cu B.Paste B.Mask)
      (net 125 USB_D+))
    (pad 1 smd rect (at 1.3 2.675 90) (size 0.4 1.35) (layers B.Cu B.Paste B.Mask)
      (net 16 VBUS))
    (pad 6 thru_hole oval (at 2.225 3 90) (size 1.05 1.25) (drill oval 0.65 0.85) (layers *.Cu *.Mask)
      (net 1 GND))
    (pad 6 thru_hole oval (at -4.175 0 90) (size 1 1.9) (drill oval 0.6 1.3) (layers *.Cu *.Mask)
      (net 1 GND))
    (pad 6 thru_hole oval (at 4.175 0 90) (size 1 1.9) (drill oval 0.6 1.3) (layers *.Cu *.Mask)
      (net 1 GND))
    (pad 2 smd rect (at 0.65 2.675 90) (size 0.4 1.35) (layers B.Cu B.Paste B.Mask)
      (net 126 USB_D-))
    (pad 6 smd rect (at 0 0 90) (size 2.9 1.9) (layers B.Cu B.Paste B.Mask)
      (net 1 GND))
    (pad 6 smd rect (at 3.7375 0 90) (size 0.875 1.9) (layers B.Cu B.Mask)
      (net 1 GND))
    (pad 6 smd rect (at -3.7375 0 90) (size 0.875 1.9) (layers B.Cu B.Mask)
      (net 1 GND))
    (pad "" smd rect (at 3.5 0 90) (size 0.3 0.85) (layers B.Paste))
    (pad "" smd rect (at -3.5 0 90) (size 0.3 0.85) (layers B.Paste))
    (model ${KISYS3DMOD}/Connector_USB.3dshapes/USB_Micro-AB_Molex_47590-0001.wrl
      (at (xyz 0 0 0))
      (scale (xyz 1 1 1))
      (rotate (xyz 0 0 0))
    )
  )

  (module Connector_PinHeader_2.54mm:PinHeader_2x04_P2.54mm_Vertical (layer B.Cu) (tedit 59FED5CC) (tstamp 60AB47A7)
    (at 161.8488 190.6524 180)
    (descr "Through hole straight pin header, 2x04, 2.54mm pitch, double rows")
    (tags "Through hole pin header THT 2x04 2.54mm double row")
    (path /60A110B3/60A31F27)
    (fp_text reference J9 (at 1.1684 3.0607) (layer B.SilkS)
      (effects (font (size 1 1) (thickness 0.15)) (justify mirror))
    )
    (fp_text value Conn_02x04_Odd_Even (at 1.27 -9.95) (layer B.Fab)
      (effects (font (size 1 1) (thickness 0.15)) (justify mirror))
    )
    (fp_line (start 4.35 1.8) (end -1.8 1.8) (layer B.CrtYd) (width 0.05))
    (fp_line (start 4.35 -9.4) (end 4.35 1.8) (layer B.CrtYd) (width 0.05))
    (fp_line (start -1.8 -9.4) (end 4.35 -9.4) (layer B.CrtYd) (width 0.05))
    (fp_line (start -1.8 1.8) (end -1.8 -9.4) (layer B.CrtYd) (width 0.05))
    (fp_line (start -1.33 1.33) (end 0 1.33) (layer B.SilkS) (width 0.12))
    (fp_line (start -1.33 0) (end -1.33 1.33) (layer B.SilkS) (width 0.12))
    (fp_line (start 1.27 1.33) (end 3.87 1.33) (layer B.SilkS) (width 0.12))
    (fp_line (start 1.27 -1.27) (end 1.27 1.33) (layer B.SilkS) (width 0.12))
    (fp_line (start -1.33 -1.27) (end 1.27 -1.27) (layer B.SilkS) (width 0.12))
    (fp_line (start 3.87 1.33) (end 3.87 -8.95) (layer B.SilkS) (width 0.12))
    (fp_line (start -1.33 -1.27) (end -1.33 -8.95) (layer B.SilkS) (width 0.12))
    (fp_line (start -1.33 -8.95) (end 3.87 -8.95) (layer B.SilkS) (width 0.12))
    (fp_line (start -1.27 0) (end 0 1.27) (layer B.Fab) (width 0.1))
    (fp_line (start -1.27 -8.89) (end -1.27 0) (layer B.Fab) (width 0.1))
    (fp_line (start 3.81 -8.89) (end -1.27 -8.89) (layer B.Fab) (width 0.1))
    (fp_line (start 3.81 1.27) (end 3.81 -8.89) (layer B.Fab) (width 0.1))
    (fp_line (start 0 1.27) (end 3.81 1.27) (layer B.Fab) (width 0.1))
    (fp_text user %R (at 1.27 -3.81 270) (layer B.Fab)
      (effects (font (size 1 1) (thickness 0.15)) (justify mirror))
    )
    (pad 1 thru_hole rect (at 0 0 180) (size 1.7 1.7) (drill 1) (layers *.Cu *.Mask)
      (net 1 GND))
    (pad 2 thru_hole oval (at 2.54 0 180) (size 1.7 1.7) (drill 1) (layers *.Cu *.Mask)
      (net 1 GND))
    (pad 3 thru_hole oval (at 0 -2.54 180) (size 1.7 1.7) (drill 1) (layers *.Cu *.Mask)
      (net 90 P07))
    (pad 4 thru_hole oval (at 2.54 -2.54 180) (size 1.7 1.7) (drill 1) (layers *.Cu *.Mask)
      (net 91 P16))
    (pad 5 thru_hole oval (at 0 -5.08 180) (size 1.7 1.7) (drill 1) (layers *.Cu *.Mask)
      (net 88 P06))
    (pad 6 thru_hole oval (at 2.54 -5.08 180) (size 1.7 1.7) (drill 1) (layers *.Cu *.Mask)
      (net 89 P17))
    (pad 7 thru_hole oval (at 0 -7.62 180) (size 1.7 1.7) (drill 1) (layers *.Cu *.Mask)
      (net 1 GND))
    (pad 8 thru_hole oval (at 2.54 -7.62 180) (size 1.7 1.7) (drill 1) (layers *.Cu *.Mask)
      (net 1 GND))
    (model ${KISYS3DMOD}/Connector_PinHeader_2.54mm.3dshapes/PinHeader_2x04_P2.54mm_Vertical.wrl
      (at (xyz 0 0 0))
      (scale (xyz 1 1 1))
      (rotate (xyz 0 0 0))
    )
  )

  (module Resistor_SMD:R_0402_1005Metric_Pad0.72x0.64mm_HandSolder (layer B.Cu) (tedit 5F6BB9E0) (tstamp 60A6E23B)
    (at 166.3319 92.329 90)
    (descr "Resistor SMD 0402 (1005 Metric), square (rectangular) end terminal, IPC_7351 nominal with elongated pad for handsoldering. (Body size source: IPC-SM-782 page 72, https://www.pcb-3d.com/wordpress/wp-content/uploads/ipc-sm-782a_amendment_1_and_2.pdf), generated with kicad-footprint-generator")
    (tags "resistor handsolder")
    (path /60A110B3/60A232EB)
    (attr smd)
    (fp_text reference R53 (at 0.1524 -1.3081 270) (layer B.SilkS)
      (effects (font (size 1 1) (thickness 0.15)) (justify mirror))
    )
    (fp_text value 4.7K (at 3.937 0.127 270) (layer B.Fab)
      (effects (font (size 1 1) (thickness 0.15)) (justify mirror))
    )
    (fp_line (start 1.1 -0.47) (end -1.1 -0.47) (layer B.CrtYd) (width 0.05))
    (fp_line (start 1.1 0.47) (end 1.1 -0.47) (layer B.CrtYd) (width 0.05))
    (fp_line (start -1.1 0.47) (end 1.1 0.47) (layer B.CrtYd) (width 0.05))
    (fp_line (start -1.1 -0.47) (end -1.1 0.47) (layer B.CrtYd) (width 0.05))
    (fp_line (start -0.167621 -0.38) (end 0.167621 -0.38) (layer B.SilkS) (width 0.12))
    (fp_line (start -0.167621 0.38) (end 0.167621 0.38) (layer B.SilkS) (width 0.12))
    (fp_line (start 0.525 -0.27) (end -0.525 -0.27) (layer B.Fab) (width 0.1))
    (fp_line (start 0.525 0.27) (end 0.525 -0.27) (layer B.Fab) (width 0.1))
    (fp_line (start -0.525 0.27) (end 0.525 0.27) (layer B.Fab) (width 0.1))
    (fp_line (start -0.525 -0.27) (end -0.525 0.27) (layer B.Fab) (width 0.1))
    (fp_text user %R (at 0 0 270) (layer B.Fab)
      (effects (font (size 0.26 0.26) (thickness 0.04)) (justify mirror))
    )
    (pad 1 smd roundrect (at -0.5975 0 90) (size 0.715 0.64) (layers B.Cu B.Paste B.Mask) (roundrect_rratio 0.25)
      (net 109 "Net-(R52-Pad2)"))
    (pad 2 smd roundrect (at 0.5975 0 90) (size 0.715 0.64) (layers B.Cu B.Paste B.Mask) (roundrect_rratio 0.25)
      (net 1 GND))
    (model ${KISYS3DMOD}/Resistor_SMD.3dshapes/R_0402_1005Metric.wrl
      (at (xyz 0 0 0))
      (scale (xyz 1 1 1))
      (rotate (xyz 0 0 0))
    )
  )

  (module Resistor_SMD:R_0402_1005Metric_Pad0.72x0.64mm_HandSolder (layer B.Cu) (tedit 5F6BB9E0) (tstamp 60A6C93F)
    (at 167.7289 92.329 270)
    (descr "Resistor SMD 0402 (1005 Metric), square (rectangular) end terminal, IPC_7351 nominal with elongated pad for handsoldering. (Body size source: IPC-SM-782 page 72, https://www.pcb-3d.com/wordpress/wp-content/uploads/ipc-sm-782a_amendment_1_and_2.pdf), generated with kicad-footprint-generator")
    (tags "resistor handsolder")
    (path /60A110B3/60A2189D)
    (attr smd)
    (fp_text reference R52 (at -0.0762 -1.4732 270) (layer B.SilkS)
      (effects (font (size 1 1) (thickness 0.15)) (justify mirror))
    )
    (fp_text value 4.7K (at -3.937 -0.127 270) (layer B.Fab)
      (effects (font (size 1 1) (thickness 0.15)) (justify mirror))
    )
    (fp_line (start -0.525 -0.27) (end -0.525 0.27) (layer B.Fab) (width 0.1))
    (fp_line (start -0.525 0.27) (end 0.525 0.27) (layer B.Fab) (width 0.1))
    (fp_line (start 0.525 0.27) (end 0.525 -0.27) (layer B.Fab) (width 0.1))
    (fp_line (start 0.525 -0.27) (end -0.525 -0.27) (layer B.Fab) (width 0.1))
    (fp_line (start -0.167621 0.38) (end 0.167621 0.38) (layer B.SilkS) (width 0.12))
    (fp_line (start -0.167621 -0.38) (end 0.167621 -0.38) (layer B.SilkS) (width 0.12))
    (fp_line (start -1.1 -0.47) (end -1.1 0.47) (layer B.CrtYd) (width 0.05))
    (fp_line (start -1.1 0.47) (end 1.1 0.47) (layer B.CrtYd) (width 0.05))
    (fp_line (start 1.1 0.47) (end 1.1 -0.47) (layer B.CrtYd) (width 0.05))
    (fp_line (start 1.1 -0.47) (end -1.1 -0.47) (layer B.CrtYd) (width 0.05))
    (fp_text user %R (at 0 0 270) (layer B.Fab)
      (effects (font (size 0.26 0.26) (thickness 0.04)) (justify mirror))
    )
    (pad 2 smd roundrect (at 0.5975 0 270) (size 0.715 0.64) (layers B.Cu B.Paste B.Mask) (roundrect_rratio 0.25)
      (net 109 "Net-(R52-Pad2)"))
    (pad 1 smd roundrect (at -0.5975 0 270) (size 0.715 0.64) (layers B.Cu B.Paste B.Mask) (roundrect_rratio 0.25)
      (net 2 +3V3))
    (model ${KISYS3DMOD}/Resistor_SMD.3dshapes/R_0402_1005Metric.wrl
      (at (xyz 0 0 0))
      (scale (xyz 1 1 1))
      (rotate (xyz 0 0 0))
    )
  )

  (module Resistor_SMD:R_0402_1005Metric_Pad0.72x0.64mm_HandSolder (layer F.Cu) (tedit 5F6BB9E0) (tstamp 60A82E13)
    (at 159.4612 179.1716 270)
    (descr "Resistor SMD 0402 (1005 Metric), square (rectangular) end terminal, IPC_7351 nominal with elongated pad for handsoldering. (Body size source: IPC-SM-782 page 72, https://www.pcb-3d.com/wordpress/wp-content/uploads/ipc-sm-782a_amendment_1_and_2.pdf), generated with kicad-footprint-generator")
    (tags "resistor handsolder")
    (path /60A110B3/6232BB90)
    (attr smd)
    (fp_text reference R48 (at 2.794 0 270) (layer F.SilkS)
      (effects (font (size 1 1) (thickness 0.15)))
    )
    (fp_text value 4.7K (at 5.969 0.127 270) (layer F.Fab) hide
      (effects (font (size 1 1) (thickness 0.15)))
    )
    (fp_line (start 1.1 0.47) (end -1.1 0.47) (layer F.CrtYd) (width 0.05))
    (fp_line (start 1.1 -0.47) (end 1.1 0.47) (layer F.CrtYd) (width 0.05))
    (fp_line (start -1.1 -0.47) (end 1.1 -0.47) (layer F.CrtYd) (width 0.05))
    (fp_line (start -1.1 0.47) (end -1.1 -0.47) (layer F.CrtYd) (width 0.05))
    (fp_line (start -0.167621 0.38) (end 0.167621 0.38) (layer F.SilkS) (width 0.12))
    (fp_line (start -0.167621 -0.38) (end 0.167621 -0.38) (layer F.SilkS) (width 0.12))
    (fp_line (start 0.525 0.27) (end -0.525 0.27) (layer F.Fab) (width 0.1))
    (fp_line (start 0.525 -0.27) (end 0.525 0.27) (layer F.Fab) (width 0.1))
    (fp_line (start -0.525 -0.27) (end 0.525 -0.27) (layer F.Fab) (width 0.1))
    (fp_line (start -0.525 0.27) (end -0.525 -0.27) (layer F.Fab) (width 0.1))
    (fp_text user %R (at 0 0 270) (layer F.Fab)
      (effects (font (size 0.26 0.26) (thickness 0.04)))
    )
    (pad 1 smd roundrect (at -0.5975 0 270) (size 0.715 0.64) (layers F.Cu F.Paste F.Mask) (roundrect_rratio 0.25)
      (net 94 IOE_A2))
    (pad 2 smd roundrect (at 0.5975 0 270) (size 0.715 0.64) (layers F.Cu F.Paste F.Mask) (roundrect_rratio 0.25)
      (net 1 GND))
    (model ${KISYS3DMOD}/Resistor_SMD.3dshapes/R_0402_1005Metric.wrl
      (at (xyz 0 0 0))
      (scale (xyz 1 1 1))
      (rotate (xyz 0 0 0))
    )
  )

  (module Resistor_SMD:R_0402_1005Metric_Pad0.72x0.64mm_HandSolder (layer F.Cu) (tedit 5F6BB9E0) (tstamp 60A82DE3)
    (at 162.0774 179.1716 90)
    (descr "Resistor SMD 0402 (1005 Metric), square (rectangular) end terminal, IPC_7351 nominal with elongated pad for handsoldering. (Body size source: IPC-SM-782 page 72, https://www.pcb-3d.com/wordpress/wp-content/uploads/ipc-sm-782a_amendment_1_and_2.pdf), generated with kicad-footprint-generator")
    (tags "resistor handsolder")
    (path /60A110B3/6231C39E)
    (attr smd)
    (fp_text reference R45 (at -2.921 -0.254 270) (layer F.SilkS)
      (effects (font (size 1 1) (thickness 0.15)))
    )
    (fp_text value 4.7K (at -5.969 -0.254 270) (layer F.Fab) hide
      (effects (font (size 1 1) (thickness 0.15)))
    )
    (fp_line (start -0.525 0.27) (end -0.525 -0.27) (layer F.Fab) (width 0.1))
    (fp_line (start -0.525 -0.27) (end 0.525 -0.27) (layer F.Fab) (width 0.1))
    (fp_line (start 0.525 -0.27) (end 0.525 0.27) (layer F.Fab) (width 0.1))
    (fp_line (start 0.525 0.27) (end -0.525 0.27) (layer F.Fab) (width 0.1))
    (fp_line (start -0.167621 -0.38) (end 0.167621 -0.38) (layer F.SilkS) (width 0.12))
    (fp_line (start -0.167621 0.38) (end 0.167621 0.38) (layer F.SilkS) (width 0.12))
    (fp_line (start -1.1 0.47) (end -1.1 -0.47) (layer F.CrtYd) (width 0.05))
    (fp_line (start -1.1 -0.47) (end 1.1 -0.47) (layer F.CrtYd) (width 0.05))
    (fp_line (start 1.1 -0.47) (end 1.1 0.47) (layer F.CrtYd) (width 0.05))
    (fp_line (start 1.1 0.47) (end -1.1 0.47) (layer F.CrtYd) (width 0.05))
    (fp_text user %R (at 0 0 270) (layer F.Fab)
      (effects (font (size 0.26 0.26) (thickness 0.04)))
    )
    (pad 2 smd roundrect (at 0.5975 0 90) (size 0.715 0.64) (layers F.Cu F.Paste F.Mask) (roundrect_rratio 0.25)
      (net 93 IOE_A1))
    (pad 1 smd roundrect (at -0.5975 0 90) (size 0.715 0.64) (layers F.Cu F.Paste F.Mask) (roundrect_rratio 0.25)
      (net 2 +3V3))
    (model ${KISYS3DMOD}/Resistor_SMD.3dshapes/R_0402_1005Metric.wrl
      (at (xyz 0 0 0))
      (scale (xyz 1 1 1))
      (rotate (xyz 0 0 0))
    )
  )

  (module Resistor_SMD:R_0402_1005Metric_Pad0.72x0.64mm_HandSolder (layer F.Cu) (tedit 5F6BB9E0) (tstamp 60A82DB3)
    (at 163.4744 179.1716 270)
    (descr "Resistor SMD 0402 (1005 Metric), square (rectangular) end terminal, IPC_7351 nominal with elongated pad for handsoldering. (Body size source: IPC-SM-782 page 72, https://www.pcb-3d.com/wordpress/wp-content/uploads/ipc-sm-782a_amendment_1_and_2.pdf), generated with kicad-footprint-generator")
    (tags "resistor handsolder")
    (path /60A110B3/6231C3A5)
    (attr smd)
    (fp_text reference R46 (at 2.921 0 270) (layer F.SilkS)
      (effects (font (size 1 1) (thickness 0.15)))
    )
    (fp_text value 4.7K (at 5.969 0 270) (layer F.Fab) hide
      (effects (font (size 1 1) (thickness 0.15)))
    )
    (fp_line (start 1.1 0.47) (end -1.1 0.47) (layer F.CrtYd) (width 0.05))
    (fp_line (start 1.1 -0.47) (end 1.1 0.47) (layer F.CrtYd) (width 0.05))
    (fp_line (start -1.1 -0.47) (end 1.1 -0.47) (layer F.CrtYd) (width 0.05))
    (fp_line (start -1.1 0.47) (end -1.1 -0.47) (layer F.CrtYd) (width 0.05))
    (fp_line (start -0.167621 0.38) (end 0.167621 0.38) (layer F.SilkS) (width 0.12))
    (fp_line (start -0.167621 -0.38) (end 0.167621 -0.38) (layer F.SilkS) (width 0.12))
    (fp_line (start 0.525 0.27) (end -0.525 0.27) (layer F.Fab) (width 0.1))
    (fp_line (start 0.525 -0.27) (end 0.525 0.27) (layer F.Fab) (width 0.1))
    (fp_line (start -0.525 -0.27) (end 0.525 -0.27) (layer F.Fab) (width 0.1))
    (fp_line (start -0.525 0.27) (end -0.525 -0.27) (layer F.Fab) (width 0.1))
    (fp_text user %R (at 0 0 270) (layer F.Fab)
      (effects (font (size 0.26 0.26) (thickness 0.04)))
    )
    (pad 1 smd roundrect (at -0.5975 0 270) (size 0.715 0.64) (layers F.Cu F.Paste F.Mask) (roundrect_rratio 0.25)
      (net 93 IOE_A1))
    (pad 2 smd roundrect (at 0.5975 0 270) (size 0.715 0.64) (layers F.Cu F.Paste F.Mask) (roundrect_rratio 0.25)
      (net 1 GND))
    (model ${KISYS3DMOD}/Resistor_SMD.3dshapes/R_0402_1005Metric.wrl
      (at (xyz 0 0 0))
      (scale (xyz 1 1 1))
      (rotate (xyz 0 0 0))
    )
  )

  (module Resistor_SMD:R_0402_1005Metric_Pad0.72x0.64mm_HandSolder (layer F.Cu) (tedit 5F6BB9E0) (tstamp 60A82D83)
    (at 160.7312 179.1716 90)
    (descr "Resistor SMD 0402 (1005 Metric), square (rectangular) end terminal, IPC_7351 nominal with elongated pad for handsoldering. (Body size source: IPC-SM-782 page 72, https://www.pcb-3d.com/wordpress/wp-content/uploads/ipc-sm-782a_amendment_1_and_2.pdf), generated with kicad-footprint-generator")
    (tags "resistor handsolder")
    (path /60A110B3/6232BB89)
    (attr smd)
    (fp_text reference R47 (at -2.794 0 270) (layer F.SilkS)
      (effects (font (size 1 1) (thickness 0.15)))
    )
    (fp_text value 4.7K (at -5.969 0 270) (layer F.Fab) hide
      (effects (font (size 1 1) (thickness 0.15)))
    )
    (fp_line (start -0.525 0.27) (end -0.525 -0.27) (layer F.Fab) (width 0.1))
    (fp_line (start -0.525 -0.27) (end 0.525 -0.27) (layer F.Fab) (width 0.1))
    (fp_line (start 0.525 -0.27) (end 0.525 0.27) (layer F.Fab) (width 0.1))
    (fp_line (start 0.525 0.27) (end -0.525 0.27) (layer F.Fab) (width 0.1))
    (fp_line (start -0.167621 -0.38) (end 0.167621 -0.38) (layer F.SilkS) (width 0.12))
    (fp_line (start -0.167621 0.38) (end 0.167621 0.38) (layer F.SilkS) (width 0.12))
    (fp_line (start -1.1 0.47) (end -1.1 -0.47) (layer F.CrtYd) (width 0.05))
    (fp_line (start -1.1 -0.47) (end 1.1 -0.47) (layer F.CrtYd) (width 0.05))
    (fp_line (start 1.1 -0.47) (end 1.1 0.47) (layer F.CrtYd) (width 0.05))
    (fp_line (start 1.1 0.47) (end -1.1 0.47) (layer F.CrtYd) (width 0.05))
    (fp_text user %R (at 0 0 270) (layer F.Fab)
      (effects (font (size 0.26 0.26) (thickness 0.04)))
    )
    (pad 2 smd roundrect (at 0.5975 0 90) (size 0.715 0.64) (layers F.Cu F.Paste F.Mask) (roundrect_rratio 0.25)
      (net 94 IOE_A2))
    (pad 1 smd roundrect (at -0.5975 0 90) (size 0.715 0.64) (layers F.Cu F.Paste F.Mask) (roundrect_rratio 0.25)
      (net 2 +3V3))
    (model ${KISYS3DMOD}/Resistor_SMD.3dshapes/R_0402_1005Metric.wrl
      (at (xyz 0 0 0))
      (scale (xyz 1 1 1))
      (rotate (xyz 0 0 0))
    )
  )

  (module Capacitor_SMD:C_0402_1005Metric_Pad0.74x0.62mm_HandSolder (layer B.Cu) (tedit 5F6BB22C) (tstamp 60AB1F62)
    (at 168.9354 136.144)
    (descr "Capacitor SMD 0402 (1005 Metric), square (rectangular) end terminal, IPC_7351 nominal with elongated pad for handsoldering. (Body size source: IPC-SM-782 page 76, https://www.pcb-3d.com/wordpress/wp-content/uploads/ipc-sm-782a_amendment_1_and_2.pdf), generated with kicad-footprint-generator")
    (tags "capacitor handsolder")
    (path /60A00A51/6085EF95)
    (attr smd)
    (fp_text reference C23 (at 3.556 0) (layer B.SilkS)
      (effects (font (size 1 1) (thickness 0.15)) (justify mirror))
    )
    (fp_text value 0.1uF (at 3.302 -1.27) (layer B.Fab) hide
      (effects (font (size 1 1) (thickness 0.15)) (justify mirror))
    )
    (fp_line (start -0.5 -0.25) (end -0.5 0.25) (layer B.Fab) (width 0.1))
    (fp_line (start -0.5 0.25) (end 0.5 0.25) (layer B.Fab) (width 0.1))
    (fp_line (start 0.5 0.25) (end 0.5 -0.25) (layer B.Fab) (width 0.1))
    (fp_line (start 0.5 -0.25) (end -0.5 -0.25) (layer B.Fab) (width 0.1))
    (fp_line (start -0.115835 0.36) (end 0.115835 0.36) (layer B.SilkS) (width 0.12))
    (fp_line (start -0.115835 -0.36) (end 0.115835 -0.36) (layer B.SilkS) (width 0.12))
    (fp_line (start -1.08 -0.46) (end -1.08 0.46) (layer B.CrtYd) (width 0.05))
    (fp_line (start -1.08 0.46) (end 1.08 0.46) (layer B.CrtYd) (width 0.05))
    (fp_line (start 1.08 0.46) (end 1.08 -0.46) (layer B.CrtYd) (width 0.05))
    (fp_line (start 1.08 -0.46) (end -1.08 -0.46) (layer B.CrtYd) (width 0.05))
    (fp_text user %R (at 0 0) (layer B.Fab)
      (effects (font (size 0.25 0.25) (thickness 0.04)) (justify mirror))
    )
    (pad 2 smd roundrect (at 0.5675 0) (size 0.735 0.62) (layers B.Cu B.Paste B.Mask) (roundrect_rratio 0.25)
      (net 1 GND))
    (pad 1 smd roundrect (at -0.5675 0) (size 0.735 0.62) (layers B.Cu B.Paste B.Mask) (roundrect_rratio 0.25)
      (net 2 +3V3))
    (model ${KISYS3DMOD}/Capacitor_SMD.3dshapes/C_0402_1005Metric.wrl
      (at (xyz 0 0 0))
      (scale (xyz 1 1 1))
      (rotate (xyz 0 0 0))
    )
  )

  (module Capacitor_SMD:C_0402_1005Metric_Pad0.74x0.62mm_HandSolder (layer B.Cu) (tedit 5F6BB22C) (tstamp 60AB1FF2)
    (at 150.0124 135.001 180)
    (descr "Capacitor SMD 0402 (1005 Metric), square (rectangular) end terminal, IPC_7351 nominal with elongated pad for handsoldering. (Body size source: IPC-SM-782 page 76, https://www.pcb-3d.com/wordpress/wp-content/uploads/ipc-sm-782a_amendment_1_and_2.pdf), generated with kicad-footprint-generator")
    (tags "capacitor handsolder")
    (path /60A00A51/60862FF8)
    (attr smd)
    (fp_text reference C17 (at 3.048 0) (layer B.SilkS)
      (effects (font (size 1 1) (thickness 0.15)) (justify mirror))
    )
    (fp_text value 0.01uF (at 7.112 0) (layer B.Fab) hide
      (effects (font (size 1 1) (thickness 0.15)) (justify mirror))
    )
    (fp_line (start -0.5 -0.25) (end -0.5 0.25) (layer B.Fab) (width 0.1))
    (fp_line (start -0.5 0.25) (end 0.5 0.25) (layer B.Fab) (width 0.1))
    (fp_line (start 0.5 0.25) (end 0.5 -0.25) (layer B.Fab) (width 0.1))
    (fp_line (start 0.5 -0.25) (end -0.5 -0.25) (layer B.Fab) (width 0.1))
    (fp_line (start -0.115835 0.36) (end 0.115835 0.36) (layer B.SilkS) (width 0.12))
    (fp_line (start -0.115835 -0.36) (end 0.115835 -0.36) (layer B.SilkS) (width 0.12))
    (fp_line (start -1.08 -0.46) (end -1.08 0.46) (layer B.CrtYd) (width 0.05))
    (fp_line (start -1.08 0.46) (end 1.08 0.46) (layer B.CrtYd) (width 0.05))
    (fp_line (start 1.08 0.46) (end 1.08 -0.46) (layer B.CrtYd) (width 0.05))
    (fp_line (start 1.08 -0.46) (end -1.08 -0.46) (layer B.CrtYd) (width 0.05))
    (fp_text user %R (at 0 0) (layer B.Fab)
      (effects (font (size 0.25 0.25) (thickness 0.04)) (justify mirror))
    )
    (pad 2 smd roundrect (at 0.5675 0 180) (size 0.735 0.62) (layers B.Cu B.Paste B.Mask) (roundrect_rratio 0.25)
      (net 1 GND))
    (pad 1 smd roundrect (at -0.5675 0 180) (size 0.735 0.62) (layers B.Cu B.Paste B.Mask) (roundrect_rratio 0.25)
      (net 2 +3V3))
    (model ${KISYS3DMOD}/Capacitor_SMD.3dshapes/C_0402_1005Metric.wrl
      (at (xyz 0 0 0))
      (scale (xyz 1 1 1))
      (rotate (xyz 0 0 0))
    )
  )

  (module Capacitor_SMD:C_0402_1005Metric_Pad0.74x0.62mm_HandSolder (layer F.Cu) (tedit 5F6BB22C) (tstamp 60A80BE6)
    (at 151.1808 176.0982 180)
    (descr "Capacitor SMD 0402 (1005 Metric), square (rectangular) end terminal, IPC_7351 nominal with elongated pad for handsoldering. (Body size source: IPC-SM-782 page 76, https://www.pcb-3d.com/wordpress/wp-content/uploads/ipc-sm-782a_amendment_1_and_2.pdf), generated with kicad-footprint-generator")
    (tags "capacitor handsolder")
    (path /60A110B3/60AB99DA)
    (attr smd)
    (fp_text reference C1 (at 2.286 -0.127) (layer F.SilkS)
      (effects (font (size 1 1) (thickness 0.15)))
    )
    (fp_text value 0.1uF (at 5.334 -0.254) (layer F.Fab) hide
      (effects (font (size 1 1) (thickness 0.15)))
    )
    (fp_line (start -0.5 0.25) (end -0.5 -0.25) (layer F.Fab) (width 0.1))
    (fp_line (start -0.5 -0.25) (end 0.5 -0.25) (layer F.Fab) (width 0.1))
    (fp_line (start 0.5 -0.25) (end 0.5 0.25) (layer F.Fab) (width 0.1))
    (fp_line (start 0.5 0.25) (end -0.5 0.25) (layer F.Fab) (width 0.1))
    (fp_line (start -0.115835 -0.36) (end 0.115835 -0.36) (layer F.SilkS) (width 0.12))
    (fp_line (start -0.115835 0.36) (end 0.115835 0.36) (layer F.SilkS) (width 0.12))
    (fp_line (start -1.08 0.46) (end -1.08 -0.46) (layer F.CrtYd) (width 0.05))
    (fp_line (start -1.08 -0.46) (end 1.08 -0.46) (layer F.CrtYd) (width 0.05))
    (fp_line (start 1.08 -0.46) (end 1.08 0.46) (layer F.CrtYd) (width 0.05))
    (fp_line (start 1.08 0.46) (end -1.08 0.46) (layer F.CrtYd) (width 0.05))
    (fp_text user %R (at 0 0) (layer F.Fab)
      (effects (font (size 0.25 0.25) (thickness 0.04)))
    )
    (pad 2 smd roundrect (at 0.5675 0 180) (size 0.735 0.62) (layers F.Cu F.Paste F.Mask) (roundrect_rratio 0.25)
      (net 1 GND))
    (pad 1 smd roundrect (at -0.5675 0 180) (size 0.735 0.62) (layers F.Cu F.Paste F.Mask) (roundrect_rratio 0.25)
      (net 2 +3V3))
    (model ${KISYS3DMOD}/Capacitor_SMD.3dshapes/C_0402_1005Metric.wrl
      (at (xyz 0 0 0))
      (scale (xyz 1 1 1))
      (rotate (xyz 0 0 0))
    )
  )

  (module Capacitor_SMD:C_0402_1005Metric_Pad0.74x0.62mm_HandSolder (layer B.Cu) (tedit 5F6BB22C) (tstamp 60AB1ED2)
    (at 168.9354 137.414)
    (descr "Capacitor SMD 0402 (1005 Metric), square (rectangular) end terminal, IPC_7351 nominal with elongated pad for handsoldering. (Body size source: IPC-SM-782 page 76, https://www.pcb-3d.com/wordpress/wp-content/uploads/ipc-sm-782a_amendment_1_and_2.pdf), generated with kicad-footprint-generator")
    (tags "capacitor handsolder")
    (path /60A110B3/60A63D1B)
    (attr smd)
    (fp_text reference C25 (at 3.5306 -0.0254) (layer B.SilkS)
      (effects (font (size 1 1) (thickness 0.15)) (justify mirror))
    )
    (fp_text value 0.1uF (at 3.302 1.27) (layer B.Fab) hide
      (effects (font (size 1 1) (thickness 0.15)) (justify mirror))
    )
    (fp_line (start 1.08 -0.46) (end -1.08 -0.46) (layer B.CrtYd) (width 0.05))
    (fp_line (start 1.08 0.46) (end 1.08 -0.46) (layer B.CrtYd) (width 0.05))
    (fp_line (start -1.08 0.46) (end 1.08 0.46) (layer B.CrtYd) (width 0.05))
    (fp_line (start -1.08 -0.46) (end -1.08 0.46) (layer B.CrtYd) (width 0.05))
    (fp_line (start -0.115835 -0.36) (end 0.115835 -0.36) (layer B.SilkS) (width 0.12))
    (fp_line (start -0.115835 0.36) (end 0.115835 0.36) (layer B.SilkS) (width 0.12))
